1000 158
1000 164
1000 128
1000 158
1000 100
1000 165
1000 162
1000 157
1000 147
1000 126
1000 202
1000 159
1000 161
1000 154
1000 120
1000 130
1000 164
1000 156
1000 123
1000 152
1000 124
1000 122
1000 192
1000 149
1000 124
1000 127
1000 96
1000 97
1000 95
1000 125
1000 121
1000 100
1000 139
1000 132
1000 122
1000 154
1000 130
1000 124
1000 144
1000 122
1000 180
1000 158
1000 158
1000 155
1000 144
1000 149
1000 168
1000 152
1000 156
1000 143
1000 142
1000 95
1000 94
1000 123
1000 152
1000 144
1000 139
1000 97
1000 120
1000 156
1000 141
1000 156
1000 118
1000 124
1000 152
1000 275
1000 146
1000 126
1000 150
1000 144
1000 128
1000 144
1000 121
1000 151
1000 151
1000 144
1000 135
1000 120
1000 130
1000 155
1000 150
1000 99
1000 134
1000 172
1000 143
1000 132
1000 124
1000 155
1000 101
1000 97
1000 1444
1000 121
1000 120
1000 137
1000 139
1000 165
1000 394
1000 115
1000 138
1000 163
10000 710
10000 815
10000 728
10000 770
10000 811
10000 779
10000 762
10000 943
10000 785
10000 770
10000 740
10000 766
10000 775
10000 737
10000 741
10000 789
10000 778
10000 760
10000 719
10000 765
10000 775
10000 766
10000 762
10000 770
10000 770
10000 774
10000 768
10000 776
10000 770
10000 764
10000 809
10000 830
10000 763
10000 762
10000 772
10000 734
10000 808
10000 765
10000 765
10000 798
10000 765
10000 759
10000 775
10000 767
10000 769
10000 786
10000 763
10000 737
10000 756
10000 770
10000 734
10000 772
10000 766
10000 739
10000 776
10000 769
10000 815
10000 799
10000 774
10000 768
10000 792
10000 769
10000 758
10000 792
10000 769
10000 731
10000 762
10000 765
10000 759
10000 773
10000 766
10000 778
10000 763
10000 741
10000 768
10000 769
10000 728
10000 763
10000 859
10000 717
10000 784
10000 784
10000 774
10000 766
10000 812
10000 737
10000 732
10000 780
10000 773
10000 760
10000 806
10000 758
10000 741
10000 776
10000 783
10000 775
10000 772
10000 708
10000 767
10000 765
100000 6825
100000 6851
100000 6829
100000 6834
100000 6972
100000 6835
100000 6836
100000 6849
100000 6839
100000 6824
100000 7207
100000 6831
100000 6832
100000 6831
100000 6831
100000 6839
100000 6831
100000 6836
100000 6830
100000 6845
100000 6828
100000 6825
100000 7440
100000 7679
100000 7579
100000 7484
100000 7474
100000 7474
100000 7474
100000 7453
100000 7483
100000 7475
100000 7472
100000 7470
100000 7484
100000 7509
100000 7864
100000 7472
100000 7472
100000 7502
100000 7454
100000 7497
100000 7481
100000 7477
100000 8071
100000 8272
100000 8261
100000 8324
100000 8407
100000 8267
100000 8276
100000 8264
100000 8283
100000 8275
100000 8265
100000 8263
100000 9167
100000 9267
100000 9480
100000 9262
100000 9258
100000 9262
100000 8751
100000 7053
100000 7022
100000 7005
100000 7016
100000 7038
100000 7030
100000 7019
100000 7160
100000 7017
100000 7039
100000 7041
100000 7043
100000 7039
100000 7069
100000 7029
100000 7023
100000 7027
100000 7050
100000 7033
100000 7061
100000 7291
100000 7045
100000 7077
100000 7058
100000 7029
100000 7031
100000 7034
100000 7011
100000 7017
100000 7027
100000 7025
100000 7029
100000 7261
100000 7358
100000 7042
100000 7038
100000 7031
1000000 56443
1000000 54114
1000000 52846
1000000 54452
1000000 52984
1000000 54679
1000000 52925
1000000 54675
1000000 55380
1000000 55329
1000000 55100
1000000 54910
1000000 53669
1000000 55987
1000000 53181
1000000 54727
1000000 55495
1000000 54989
1000000 53085
1000000 54836
1000000 53761
1000000 54715
1000000 52885
1000000 54539
1000000 53133
1000000 55071
1000000 52803
1000000 55148
1000000 53191
1000000 57914
1000000 56451
1000000 57008
1000000 52747
1000000 54637
1000000 54594
1000000 54362
1000000 52834
1000000 54883
1000000 54634
1000000 55380
1000000 53812
1000000 55238
1000000 52921
1000000 54971
1000000 52686
1000000 55456
1000000 53904
1000000 54339
1000000 52994
1000000 55454
1000000 54431
1000000 54095
1000000 52974
1000000 54196
1000000 52869
1000000 55606
1000000 52937
1000000 55067
1000000 52963
1000000 54189
1000000 53887
1000000 54471
1000000 54688
1000000 54957
1000000 52856
1000000 56142
1000000 55904
1000000 54629
1000000 52862
1000000 55000
1000000 52926
1000000 54656
1000000 53503
1000000 54485
1000000 52883
1000000 54712
1000000 55743
1000000 55089
1000000 54116
1000000 55818
1000000 53197
1000000 55163
1000000 52907
1000000 54842
1000000 55553
1000000 54248
1000000 53489
1000000 54464
1000000 52919
1000000 55173
1000000 52943
1000000 56735
1000000 52720
1000000 54997
1000000 52929
1000000 55584
1000000 53185
1000000 54757
1000000 55767
1000000 55462
1000 146
1000 146
1000 186
1000 109
1000 134
1000 149
1000 68
1000 91
1000 122
1000 81
1000 64
1000 89
1000 127
1000 85
1000 99
1000 79
1000 82
1000 104
1000 63
1000 121
1000 87
1000 114
1000 66
1000 91
1000 97
1000 91
1000 127
1000 73
1000 67
1000 67
1000 80
1000 115
1000 67
1000 67
1000 89
1000 69
1000 68
1000 89
1000 94
1000 94
1000 94
1000 79
1000 67
1000 65
1000 66
1000 141
1000 109
1000 93
1000 115
1000 80
1000 66
1000 71
1000 65
1000 68
1000 89
1000 80
1000 69
1000 85
1000 88
1000 86
1000 109
1000 102
1000 88
1000 89
1000 69
1000 99
1000 64
1000 66
1000 102
1000 72
1000 73
1000 66
1000 102
1000 68
1000 96
1000 96
1000 91
1000 131
1000 83
1000 67
1000 96
1000 127
1000 98
1000 90
1000 70
1000 88
1000 66
1000 66
1000 228
1000 134
1000 114
1000 111
1000 89
1000 103
1000 94
1000 105
1000 113
1000 117
1000 85
1000 87
10000 437
10000 432
10000 431
10000 370
10000 485
10000 435
10000 426
10000 411
10000 541
10000 409
10000 398
10000 389
10000 440
10000 402
10000 404
10000 392
10000 391
10000 405
10000 411
10000 389
10000 405
10000 434
10000 433
10000 399
10000 414
10000 397
10000 403
10000 398
10000 414
10000 406
10000 405
10000 436
10000 421
10000 473
10000 432
10000 423
10000 419
10000 475
10000 426
10000 433
10000 391
10000 391
10000 395
10000 402
10000 398
10000 426
10000 422
10000 399
10000 406
10000 395
10000 378
10000 524
10000 405
10000 509
10000 470
10000 381
10000 400
10000 427
10000 400
10000 406
10000 396
10000 398
10000 398
10000 397
10000 375
10000 402
10000 433
10000 628
10000 408
10000 394
10000 410
10000 406
10000 397
10000 401
10000 432
10000 431
10000 424
10000 431
10000 399
10000 428
10000 404
10000 449
10000 406
10000 435
10000 371
10000 565
10000 430
10000 427
10000 548
10000 433
10000 432
10000 431
10000 400
10000 401
10000 425
10000 392
10000 374
10000 404
10000 404
10000 429
100000 3482
100000 3461
100000 3462
100000 3462
100000 3463
100000 3467
100000 3469
100000 3455
100000 3477
100000 3476
100000 3373
100000 3487
100000 3697
100000 3907
100000 3403
100000 3336
100000 3347
100000 3299
100000 3303
100000 3361
100000 3402
100000 3421
100000 3413
100000 3414
100000 3360
100000 3352
100000 3357
100000 3405
100000 3340
100000 3369
100000 3403
100000 3260
100000 3389
100000 3394
100000 3343
100000 3670
100000 3677
100000 3386
100000 3323
100000 3339
100000 3390
100000 3321
100000 3383
100000 3280
100000 3594
100000 3426
100000 3412
100000 3416
100000 3378
100000 3368
100000 3407
100000 3408
100000 3455
100000 3420
100000 3417
100000 3364
100000 3399
100000 3398
100000 3577
100000 4120
100000 3333
100000 3414
100000 3418
100000 3399
100000 3400
100000 3394
100000 3413
100000 3365
100000 3394
100000 3414
100000 3417
100000 3409
100000 3415
100000 3407
100000 3409
100000 3449
100000 3428
100000 3332
100000 3374
100000 3378
100000 3420
100000 3953
100000 3609
100000 3376
100000 3260
100000 3296
100000 3422
100000 3421
100000 3412
100000 3462
100000 3389
100000 3417
100000 3417
100000 3381
100000 3409
100000 3425
100000 3355
100000 3406
100000 3423
100000 3494
1000000 33283
1000000 32155
1000000 32474
1000000 33169
1000000 32249
1000000 32091
1000000 33064
1000000 32125
1000000 32205
1000000 32677
1000000 32107
1000000 32121
1000000 33037
1000000 32176
1000000 32101
1000000 32921
1000000 32105
1000000 32128
1000000 32824
1000000 32124
1000000 32101
1000000 32821
1000000 32183
1000000 32075
1000000 32992
1000000 32211
1000000 32155
1000000 33368
1000000 32538
1000000 33175
1000000 33191
1000000 32130
1000000 32338
1000000 33559
1000000 32247
1000000 32246
1000000 33180
1000000 32198
1000000 32155
1000000 32904
1000000 32192
1000000 32118
1000000 32898
1000000 32157
1000000 33208
1000000 33166
1000000 32038
1000000 32207
1000000 32980
1000000 32145
1000000 32246
1000000 33363
1000000 32126
1000000 32963
1000000 32812
1000000 32157
1000000 32122
1000000 32673
1000000 32154
1000000 32147
1000000 33592
1000000 32127
1000000 31827
1000000 33080
1000000 32100
1000000 32077
1000000 33293
1000000 32136
1000000 32199
1000000 32830
1000000 32208
1000000 32225
1000000 33474
1000000 32142
1000000 32116
1000000 32979
1000000 32240
1000000 32129
1000000 33599
1000000 32575
1000000 32166
1000000 33130
1000000 32058
1000000 32137
1000000 33065
1000000 32219
1000000 32148
1000000 33063
1000000 31997
1000000 32158
1000000 32744
1000000 32155
1000000 32111
1000000 32662
1000000 32128
1000000 32074
1000000 32751
1000000 31988
1000000 32005
1000000 33102
1000 223
1000 176
1000 145
1000 73
1000 85
1000 68
1000 65
1000 67
1000 75
1000 204
1000 61
1000 68
1000 62
1000 70
1000 69
1000 71
1000 69
1000 65
1000 65
1000 70
1000 65
1000 66
1000 136
1000 225
1000 70
1000 62
1000 81
1000 62
1000 69
1000 99
1000 84
1000 71
1000 66
1000 69
1000 68
1000 65
1000 90
1000 72
1000 65
1000 67
1000 63
1000 71
1000 59
1000 150
1000 61
1000 63
1000 73
1000 67
1000 68
1000 66
1000 66
1000 81
1000 60
1000 67
1000 69
1000 68
1000 63
1000 71
1000 63
1000 71
1000 70
1000 72
1000 67
1000 64
1000 57
1000 66
1000 69
1000 87
1000 83
1000 65
1000 71
1000 63
1000 65
1000 123
1000 72
1000 65
1000 62
1000 70
1000 64
1000 68
1000 67
1000 66
1000 71
1000 63
1000 81
1000 66
1000 101
1000 74
1000 73
1000 69
1000 89
1000 67
1000 68
1000 67
1000 56
1000 69
1000 70
1000 74
1000 71
1000 71
10000 233
10000 227
10000 224
10000 231
10000 223
10000 214
10000 221
10000 244
10000 228
10000 236
10000 220
10000 266
10000 258
10000 227
10000 222
10000 229
10000 222
10000 286
10000 230
10000 250
10000 234
10000 246
10000 359
10000 238
10000 237
10000 216
10000 290
10000 280
10000 229
10000 234
10000 228
10000 220
10000 228
10000 219
10000 223
10000 214
10000 237
10000 225
10000 236
10000 317
10000 254
10000 227
10000 232
10000 230
10000 262
10000 247
10000 227
10000 248
10000 228
10000 272
10000 227
10000 401
10000 397
10000 309
10000 250
10000 227
10000 259
10000 327
10000 425
10000 528
10000 552
10000 431
10000 245
10000 222
10000 237
10000 323
10000 246
10000 243
10000 255
10000 262
10000 244
10000 279
10000 234
10000 221
10000 231
10000 235
10000 229
10000 232
10000 223
10000 238
10000 277
10000 263
10000 222
10000 223
10000 227
10000 288
10000 232
10000 230
10000 391
10000 227
10000 293
10000 238
10000 236
10000 232
10000 234
10000 366
10000 421
10000 253
10000 219
10000 229
100000 1736
100000 1900
100000 1939
100000 1901
100000 1896
100000 2126
100000 1883
100000 1946
100000 1771
100000 1758
100000 1940
100000 1923
100000 1803
100000 1820
100000 2099
100000 1943
100000 1976
100000 2075
100000 1857
100000 2209
100000 1957
100000 2105
100000 1937
100000 2025
100000 2125
100000 1892
100000 1974
100000 1959
100000 1767
100000 1905
100000 1763
100000 1933
100000 1866
100000 1766
100000 1903
100000 1926
100000 1971
100000 1887
100000 1890
100000 1785
100000 1945
100000 1924
100000 1896
100000 2112
100000 1970
100000 1931
100000 1942
100000 1895
100000 1892
100000 1805
100000 1918
100000 1895
100000 1909
100000 1905
100000 1929
100000 1790
100000 1796
100000 2263
100000 2714
100000 1753
100000 1917
100000 1928
100000 1870
100000 1895
100000 1780
100000 1815
100000 1899
100000 1896
100000 1893
100000 1918
100000 1920
100000 1755
100000 1778
100000 1926
100000 1922
100000 1896
100000 1918
100000 1927
100000 1925
100000 1894
100000 1888
100000 1889
100000 1938
100000 1935
100000 1784
100000 1864
100000 1945
100000 1916
100000 1898
100000 1922
100000 1826
100000 2248
100000 1950
100000 3778
100000 1941
100000 1887
100000 1903
100000 1932
100000 1931
100000 1980
1000000 17953
1000000 17975
1000000 17964
1000000 17056
1000000 17967
1000000 17963
1000000 17951
1000000 17948
1000000 18096
1000000 17953
1000000 17960
1000000 17996
1000000 17927
1000000 18031
1000000 17953
1000000 17968
1000000 18053
1000000 17995
1000000 20016
1000000 17950
1000000 17982
1000000 17957
1000000 17979
1000000 17997
1000000 17987
1000000 17649
1000000 17952
1000000 17259
1000000 17955
1000000 17976
1000000 18022
1000000 17949
1000000 16991
1000000 17962
1000000 17950
1000000 18098
1000000 18198
1000000 16966
1000000 17972
1000000 17947
1000000 17960
1000000 17970
1000000 17975
1000000 17968
1000000 18192
1000000 17987
1000000 17964
1000000 18057
1000000 17965
1000000 17955
1000000 17963
1000000 18058
1000000 17066
1000000 18054
1000000 17961
1000000 17990
1000000 17959
1000000 17985
1000000 16939
1000000 17972
1000000 17966
1000000 17955
1000000 18033
1000000 17946
1000000 18144
1000000 18150
1000000 17969
1000000 17978
1000000 17082
1000000 18041
1000000 18016
1000000 17964
1000000 18185
1000000 17961
1000000 17942
1000000 17966
1000000 17973
1000000 18001
1000000 18211
1000000 18003
1000000 17976
1000000 17982
1000000 18020
1000000 17982
1000000 18210
1000000 17944
1000000 17938
1000000 18107
1000000 17966
1000000 18229
1000000 17948
1000000 17957
1000000 17995
1000000 17992
1000000 17966
1000000 17989
1000000 17963
1000000 17976
1000000 17963
1000000 18239
1000 196
1000 341
1000 115
1000 105
1000 114
1000 112
1000 106
1000 113
1000 105
1000 107
1000 103
1000 103
1000 175
1000 128
1000 102
1000 110
1000 114
1000 112
1000 107
1000 110
1000 124
1000 109
1000 108
1000 118
1000 114
1000 110
1000 368
1000 115
1000 125
1000 104
1000 121
1000 119
1000 118
1000 113
1000 117
1000 108
1000 116
1000 116
1000 108
1000 124
1000 113
1000 113
1000 129
1000 112
1000 129
1000 189
1000 129
1000 107
1000 115
1000 123
1000 122
1000 118
1000 141
1000 117
1000 109
1000 116
1000 116
1000 111
1000 126
1000 116
1000 118
1000 110
1000 113
1000 107
1000 103
1000 107
1000 115
1000 126
1000 120
1000 124
1000 119
1000 122
1000 127
1000 116
1000 121
1000 102
1000 110
1000 114
1000 108
1000 188
1000 107
1000 113
1000 127
1000 121
1000 110
1000 142
1000 113
1000 120
1000 124
1000 112
1000 179
1000 128
1000 113
1000 420
1000 167
1000 781
1000 168
1000 136
1000 128
1000 115
10000 266
10000 291
10000 343
10000 225
10000 251
10000 193
10000 279
10000 260
10000 251
10000 281
10000 273
10000 267
10000 250
10000 263
10000 252
10000 301
10000 266
10000 280
10000 280
10000 346
10000 314
10000 266
10000 248
10000 262
10000 369
10000 270
10000 343
10000 247
10000 264
10000 344
10000 257
10000 268
10000 237
10000 259
10000 342
10000 317
10000 262
10000 258
10000 247
10000 272
10000 258
10000 518
10000 266
10000 348
10000 265
10000 273
10000 263
10000 325
10000 331
10000 259
10000 255
10000 244
10000 224
10000 323
10000 249
10000 248
10000 267
10000 234
10000 285
10000 236
10000 251
10000 251
10000 249
10000 263
10000 230
10000 309
10000 243
10000 254
10000 326
10000 250
10000 272
10000 249
10000 252
10000 311
10000 278
10000 325
10000 276
10000 336
10000 293
10000 282
10000 248
10000 285
10000 277
10000 265
10000 327
10000 284
10000 239
10000 273
10000 250
10000 246
10000 279
10000 231
10000 265
10000 241
10000 313
10000 273
10000 232
10000 261
10000 254
10000 255
100000 1828
100000 1859
100000 1851
100000 2041
100000 1776
100000 1874
100000 2303
100000 2665
100000 1763
100000 2024
100000 2553
100000 1900
100000 2643
100000 1913
100000 1874
100000 1770
100000 2622
100000 1936
100000 1853
100000 1968
100000 1965
100000 1994
100000 1960
100000 1887
100000 1864
100000 2047
100000 2129
100000 2203
100000 2033
100000 2012
100000 1919
100000 1934
100000 1892
100000 1923
100000 2620
100000 2001
100000 1870
100000 1345
100000 1871
100000 2019
100000 2601
100000 1909
100000 1908
100000 1929
100000 1975
100000 1843
100000 2774
100000 1851
100000 1961
100000 2027
100000 4244
100000 1834
100000 1661
100000 1859
100000 1198
100000 1433
100000 1886
100000 1870
100000 1847
100000 1442
100000 2005
100000 2072
100000 1840
100000 1913
100000 1860
100000 1852
100000 1922
100000 1890
100000 2047
100000 2025
100000 1900
100000 1866
100000 3080
100000 2309
100000 2113
100000 1950
100000 1925
100000 1984
100000 2059
100000 1867
100000 1877
100000 1886
100000 2146
100000 2084
100000 1884
100000 1872
100000 1911
100000 1819
100000 1871
100000 2080
100000 1899
100000 1872
100000 1972
100000 1974
100000 1879
100000 1968
100000 1857
100000 1886
100000 1877
100000 1839
1000000 18033
1000000 9729
1000000 18049
1000000 16591
1000000 12784
1000000 9462
1000000 15427
1000000 10529
1000000 17578
1000000 9262
1000000 9392
1000000 9328
1000000 13657
1000000 11613
1000000 9263
1000000 9428
1000000 17084
1000000 9231
1000000 16676
1000000 9380
1000000 17007
1000000 9301
1000000 9220
1000000 9221
1000000 12479
1000000 17567
1000000 9171
1000000 18179
1000000 9185
1000000 11043
1000000 17799
1000000 9276
1000000 17592
1000000 9492
1000000 13907
1000000 9466
1000000 16852
1000000 13143
1000000 15532
1000000 10210
1000000 9261
1000000 9494
1000000 17228
1000000 9273
1000000 9315
1000000 16056
1000000 9208
1000000 9196
1000000 11438
1000000 14154
1000000 9159
1000000 16609
1000000 9247
1000000 10756
1000000 17220
1000000 9289
1000000 9139
1000000 9156
1000000 17579
1000000 9206
1000000 12628
1000000 9239
1000000 15998
1000000 9184
1000000 10231
1000000 12710
1000000 15464
1000000 9233
1000000 13939
1000000 13117
1000000 9404
1000000 9756
1000000 16823
1000000 9143
1000000 9364
1000000 17220
1000000 18132
1000000 17722
1000000 17580
1000000 9319
1000000 17491
1000000 12404
1000000 9699
1000000 17568
1000000 9337
1000000 17706
1000000 11422
1000000 9216
1000000 14767
1000000 10245
1000000 11209
1000000 14269
1000000 9565
1000000 10023
1000000 18203
1000000 9286
1000000 11150
1000000 17858
1000000 9395
1000000 13742
1000 610
1000 184
1000 201
1000 180
1000 197
1000 1446
1000 1585
1000 1487
1000 204
1000 217
1000 202
1000 214
1000 258
1000 202
1000 181
1000 197
1000 207
1000 192
1000 191
1000 192
1000 204
1000 192
1000 192
1000 196
1000 209
1000 191
1000 192
1000 196
1000 205
1000 185
1000 200
1000 210
1000 201
1000 194
1000 201
1000 202
1000 193
1000 225
1000 492
1000 220
1000 204
1000 207
1000 218
1000 198
1000 215
1000 449
1000 185
1000 213
1000 235
1000 194
1000 195
1000 223
1000 204
1000 242
1000 200
1000 191
1000 218
1000 199
1000 205
1000 212
1000 194
1000 209
1000 186
1000 318
1000 203
1000 220
1000 192
1000 194
1000 199
1000 547
1000 217
1000 203
1000 195
1000 195
1000 295
1000 199
1000 211
1000 216
1000 465
1000 207
1000 208
1000 352
1000 204
1000 189
1000 210
1000 323
1000 218
1000 207
1000 213
1000 204
1000 210
1000 205
1000 193
1000 205
1000 220
1000 188
1000 201
1000 209
1000 270
1000 216
10000 282
10000 285
10000 317
10000 282
10000 281
10000 273
10000 277
10000 253
10000 285
10000 253
10000 289
10000 278
10000 268
10000 265
10000 317
10000 271
10000 378
10000 278
10000 261
10000 263
10000 269
10000 391
10000 584
10000 287
10000 277
10000 366
10000 281
10000 259
10000 257
10000 255
10000 401
10000 276
10000 273
10000 266
10000 287
10000 272
10000 280
10000 269
10000 271
10000 265
10000 275
10000 272
10000 258
10000 308
10000 355
10000 286
10000 289
10000 267
10000 316
10000 794
10000 461
10000 638
10000 825
10000 1916
10000 333
10000 292
10000 414
10000 286
10000 268
10000 362
10000 933
10000 376
10000 251
10000 280
10000 278
10000 250
10000 304
10000 278
10000 330
10000 250
10000 257
10000 244
10000 254
10000 273
10000 276
10000 280
10000 255
10000 259
10000 270
10000 251
10000 251
10000 254
10000 603
10000 299
10000 274
10000 248
10000 274
10000 274
10000 293
10000 283
10000 292
10000 285
10000 255
10000 273
10000 266
10000 304
10000 390
10000 258
10000 292
10000 291
100000 2428
100000 1755
100000 2088
100000 1464
100000 1966
100000 1538
100000 2009
100000 1855
100000 1966
100000 1498
100000 1940
100000 1542
100000 1999
100000 1594
100000 1534
100000 1429
100000 1540
100000 1841
100000 1800
100000 1904
100000 1916
100000 2689
100000 2233
100000 1523
100000 1555
100000 1552
100000 1900
100000 1901
100000 1606
100000 1594
100000 2107
100000 1880
100000 1869
100000 1925
100000 2000
100000 1847
100000 1845
100000 1850
100000 1845
100000 1744
100000 2311
100000 1695
100000 1455
100000 1538
100000 1854
100000 1477
100000 1885
100000 1522
100000 1570
100000 1663
100000 2259
100000 2416
100000 1876
100000 1570
100000 1951
100000 2713
100000 2180
100000 2159
100000 1655
100000 1943
100000 1884
100000 1882
100000 1911
100000 2130
100000 2686
100000 1640
100000 1570
100000 1883
100000 1500
100000 1566
100000 1895
100000 1846
100000 1564
100000 1984
100000 1904
100000 1735
100000 1627
100000 1828
100000 2253
100000 1989
100000 1784
100000 2143
100000 2002
100000 1488
100000 1509
100000 1666
100000 1894
100000 1507
100000 1723
100000 2097
100000 3041
100000 2764
100000 2451
100000 1962
100000 1867
100000 2033
100000 1549
100000 2059
100000 2067
100000 2354
1000000 13509
1000000 13639
1000000 12763
1000000 12836
1000000 13094
1000000 13186
1000000 13500
1000000 9866
1000000 13418
1000000 13411
1000000 11406
1000000 12292
1000000 10577
1000000 13252
1000000 12975
1000000 13277
1000000 13112
1000000 12925
1000000 12994
1000000 12930
1000000 9232
1000000 14539
1000000 10317
1000000 13234
1000000 10241
1000000 13582
1000000 12654
1000000 15517
1000000 10910
1000000 11980
1000000 13291
1000000 13416
1000000 13641
1000000 13752
1000000 10063
1000000 13212
1000000 15170
1000000 13150
1000000 13573
1000000 13153
1000000 13114
1000000 9205
1000000 13645
1000000 10110
1000000 12529
1000000 12518
1000000 13323
1000000 13587
1000000 13261
1000000 17297
1000000 10053
1000000 13504
1000000 13341
1000000 12164
1000000 10160
1000000 13477
1000000 14425
1000000 9336
1000000 13379
1000000 13226
1000000 11224
1000000 13603
1000000 13668
1000000 10777
1000000 13215
1000000 13454
1000000 13650
1000000 13047
1000000 12577
1000000 13515
1000000 9505
1000000 13354
1000000 13464
1000000 11063
1000000 13930
1000000 13171
1000000 9278
1000000 13447
1000000 13455
1000000 13072
1000000 13694
1000000 11574
1000000 9366
1000000 13452
1000000 12248
1000000 9673
1000000 13901
1000000 13229
1000000 11139
1000000 13214
1000000 13232
1000000 13390
1000000 13034
1000000 9236
1000000 12595
1000000 13251
1000000 9484
1000000 13243
1000000 13784
1000000 9452
